2.9974222651844693
2.99766373962781
2.9968187492449565
2.997905252980986
2.996698075219457
3.006139925674584
2.9975429975429972
2.9988716956802066
2.99597423510467
3.00104847165094
2.997301542551049
2.9981468052534046
2.997905252980986
2.998267595987268
2.9977844914400804
2.9971808296415627
2.998026024251702
2.997301542551049
2.997060126454835
2.9985092066561907
2.997905252980986
2.998388396454472
2.996456756321469
2.9969394329896906
2.996456756321469
2.9974222651844693
2.9977844914400804
2.998267595987268
2.9974222651844693
2.997301542551049
2.9963361114466323
2.9977844914400804
2.9974222651844693
2.99766373962781
2.9971808296415627
2.9969394329896906
2.996456756321469
2.99766373962781
2.9971808296415627
2.9981468052534046
2.996456756321469
2.998026024251702
2.9975429975429972
2.9975429975429972
2.9974222651844693
2.9975429975429972
2.997060126454835
2.9975429975429972
2.99766373962781
2.9968187492449565
2.99766373962781
2.9969394329896906
2.9969394329896906
2.997905252980986
2.9960948508394063
2.9974222651844693
2.997905252980986
2.9977844914400804
2.9969394329896906
2.9977844914400804
2.997301542551049
2.9975429975429972
2.9974222651844693
2.997301542551049
2.9988716956802066
2.998026024251702
